NaN
0.0
0.0
0.0
0.0
0.0
NaN
0.0
0.0
0.0
0.0
0.0
0.0
0.0
0.0
0.0
0.0
0.0
0.0
0.0
-0.01500737830837847
0.0
NaN
0.0
0.0
0.0
0.0
0.0
0.0
NaN
NaN
0.0
-0.020137407585528375
0.0
0.0
NaN
0.0
0.0
NaN
0.0
0.0
NaN
0.0
0.0
-0.01822964238918079
NaN
0.0
0.0
0.0
0.0
-0.054361072463967514
0.0
-0.05032104114964589
0.0
0.0
0.0
0.0
0.0
0.0
0.0
0.0
0.0
-0.0013983281683728269
0.0
NaN
0.0
0.0
0.0
0.0
0.0
NaN
NaN
0.0
0.0
0.0
0.0
0.0
0.0
0.0
0.0
0.0
0.0
0.0
NaN
0.0
0.0
NaN
NaN
NaN
0.0
0.0
0.0
0.0
0.0
NaN
NaN
0.0
0.0
0.0
0.0
0.0
0.0
0.0
0.0
-0.012442212340573596
0.0
NaN
0.0
0.0
0.0
0.0
0.0
0.0
NaN
0.0
0.0
0.0
-5.63845073144799E-4
0.0
0.0
0.0
0.0
-0.018522592516411245
0.0
0.0
NaN
0.0
0.0
0.0
0.0
0.0
0.0
0.0
0.0
0.0
NaN
-0.005460388264415798
0.0
NaN
0.0
0.0
0.0
0.0
0.0
0.0
0.0
-0.01164257252846204
0.0
0.0
NaN
0.0
-0.011082531039329912
0.0
0.0
-0.015335322387704103
0.0
0.0
-0.016248645837303313
0.0
0.0
0.0
0.0
0.0
-0.040969937183297646
0.0
0.0
0.0
-0.028000935406143776
NaN
0.0
0.0
0.0
-0.02383376917130662
0.0
0.0
0.0
0.0
0.0
0.0
0.0
0.0
0.0
0.0
0.0
-0.012408727554651788
0.0
0.0
0.0
NaN
0.0
0.0
0.0
NaN
0.0
-0.025533318086686144
-0.001868844355834624
0.0
-0.013194658093729349
0.0
0.0
-0.026060595542903027
0.0
0.0
0.0
0.0
0.0
0.0
0.0
0.0
NaN
0.0
0.0
0.0
NaN
0.0
0.0
NaN
0.0
0.0
0.0
0.0
0.0
0.0
0.0
0.0
0.0
0.0
0.0
0.0
0.0
-0.014561018973667014
0.0
0.0
0.0
NaN
0.0
0.0
0.0
0.0
0.0
0.0
-0.32541146035107243
0.0
0.0
0.0
0.0
NaN
0.0
0.0
0.0
0.0
0.0
0.0
0.0
NaN
0.0
0.0
0.0
0.0
0.0
0.0
-0.004644474567792317
0.0
0.0
0.0
0.0
0.0
0.0
0.0
0.0
0.0
0.0
NaN
0.0
0.0
0.0
0.0
0.0
0.0
0.0
-0.008032739152624447
-0.0026009238846444213
0.0
0.0
0.0
0.0
0.0
-0.08713846335391529
0.0
0.0
0.0
0.0
0.0
-0.0226226364089014
0.0
0.0
0.0
0.0
0.0
0.0
0.0
0.0
0.0
0.0
0.0
0.0
0.0
0.0
0.0
0.0
0.0
0.0
0.0
0.0
-0.06096916142815596
0.0
0.0
0.0
0.0
0.0
0.0
0.0
0.0
0.0
0.0
0.0
0.0
0.0
0.0
0.0
0.0
0.0
0.0
0.0
0.0
-3.913630330398892E-4
0.0
0.0
0.0
0.0
0.0
0.0
0.0
0.0
0.0
0.0
0.0
0.0
0.0
0.0
0.0
0.0
0.0
0.0
0.0
0.0
-0.016928930798138706
0.0
0.0
0.0
0.0
0.0
0.0
0.0
0.0
0.0
0.0
0.0
0.0
0.0
0.0
0.0
0.0
0.0
0.0
0.0
0.0
-0.0019900623559990383
0.0
0.0
0.0
0.0
0.0
0.0
0.0
0.0
0.0
0.0
0.0
0.0
0.0
0.0
0.0
0.0
0.0
0.0
0.0
0.0
-9.932648825725881E-4
0.0
0.0
0.0
0.0
0.0
0.0
0.0
0.0
0.0
0.0
0.0
0.0
-0.005264612702322596
0.0
0.0
0.0
0.0
0.0
0.0
0.0
NaN
NaN
NaN
0.0
NaN
NaN
-0.0032998062999481503
-0.04900027662185728
-0.018238155547010772
-0.021281457060187248
-0.011173814029519002
-0.012955425493140644
-0.02254542514942958
NaN
-0.033402502589778865
NaN
0.0
0.0
-0.024347076301285166
0.0
-0.019675913982178335
NaN
0.0
0.0
0.0
0.0
-0.2984570489715646
0.0
0.0
0.0
0.0
0.0
-5.1490606978326274E-5
NaN
0.0
0.0
0.0
0.0
0.0
0.0
0.0
0.0
-0.22191790590516702
0.0
NaN
0.0
NaN
0.0
0.0
0.0
0.0
0.0
NaN
0.0
NaN
0.0
-0.13544996028909306
0.0
NaN
0.0
0.0
0.0
0.0
-0.07954988471540803
0.0
0.0
-0.025800004391419468
NaN
-0.019306893779434377
-0.0487544219454209
-0.011204830076108811
NaN
-0.014323997970746977
0.0
0.0
0.0
0.0
0.0
0.0
0.0
0.0
0.0
0.0
0.0
-0.0017616385691179332
0.0
NaN
0.0
0.0
0.0
0.0
0.0
0.0
0.0
0.0
0.0
0.0
0.0
0.0
0.0
0.0
0.0
0.0
0.0
0.0
-0.07160260790535593
0.0
0.0
NaN
-0.022892819224836228
0.0
0.0
0.0
0.0
0.0
-0.008471191083042935
0.0
0.0
0.0
0.0
0.0
0.0
0.0
0.0
0.0
0.0
NaN
0.0
0.0
-0.015689889959422092
0.0
0.0
NaN
-0.1368060489060826
-0.012715796922687237
NaN
0.0
-0.015856729984409967
0.0
0.0
NaN
0.0
0.0
0.0
0.0
0.0
0.0
-0.02536189675209265
NaN
0.0
0.0
0.0
0.0
0.0
0.0
0.0
0.0
-0.04415891555453921
0.0
NaN
-0.009704552936948772
0.0
0.0
0.0
0.0
0.0
0.0
0.0
-0.001434525325766532
0.0
-0.012143638811093564
-0.13446785397674058
0.0
-0.005783547308168515
0.0
0.0
0.0
0.0
-0.009203268712607742
-0.45251615893718766
0.0
NaN
0.0
0.0
0.0
0.0
0.0
0.0
0.0
-0.18727814554557198
0.0
NaN
-0.017669451538268603
0.0
-0.0066398267237527606
0.0
0.0
-0.09952531782427493
0.0
0.0
0.0
-0.012756772980210452
-0.0028234028532846908
-0.011432027842358305
0.0
0.0
-0.018126637025228914
0.0
-0.017454301785790806
0.0
-0.007018022127396813
0.0
NaN
0.0
0.0
NaN
-0.0017136472752474657
-0.006989985176990449
-0.0059693344242033285
0.0
0.0
0.0
NaN
0.0
NaN
0.0
0.0
0.0
0.0
0.0
0.0
-0.010934494280001483
0.0
0.0
NaN
0.0
0.0
-0.0032939862028483445
0.0
0.0
0.0
0.0
0.0
0.0
0.0
0.0
0.0
-0.04495554301523968
0.0
0.0
-0.004903432861880308
0.0
-0.04915058577235341
0.0
0.0
0.0
0.0
-0.0037704793853649745
NaN
0.0
-0.22773319112334442
0.0
0.0
-0.01290480499014845
0.0
0.0
0.0
0.0
0.0
0.0
0.0
0.0
0.0
-0.016311816189882127
0.0
-0.010608987163798794
-0.028985685985153754
0.0
0.0
-0.015110434673178921
0.0
0.0
0.0
0.0
0.0
-0.03474681015170435
0.0
-0.011783499575990708
0.0
0.0
0.0
0.0
-0.011320384733874934
0.0
-0.3501562229017212
0.0
0.0
NaN
0.0
0.0
0.0
0.0
-0.01061681181984431
-0.017819395001601318
0.0
NaN
-0.013778448077856824
0.0
0.0
0.0
0.0
0.0
0.0
0.0
0.0
-0.004652745606488207
0.0
0.0
0.0
0.0
0.0
0.0
0.0
0.0
0.0
0.0
0.0
0.0
0.0
0.0
0.0
0.0
0.0
0.0
0.0
0.0
-0.0014903800136457663
0.0
0.0
0.0
-0.0059331019262113755
0.0
-0.00490390597660945
0.0
0.0
0.0
0.0
0.0
0.0
0.0
0.0
0.0
0.0
0.0
NaN
0.0
0.0
-0.02522943264667018
0.0
0.0
0.0
0.0
0.0
0.0
-0.0032576886884074225
0.0
0.0
0.0
0.0
0.0
0.0
-4.621294911806952E-4
0.0
0.0
0.0
0.0
0.0
0.0
-0.00731828686700126
0.0
0.0
0.0
0.0
0.0
-0.012538586761663646
0.0
0.0
0.0
0.0
0.0
0.0
0.0
0.0
0.0
0.0
0.0
0.0
0.0
0.0
-0.01072105780416393
0.0
-0.008558003862651126
0.0
0.0
0.0
0.0
0.0
0.0
0.0
0.0
0.0
0.0
0.0
0.0
0.0
0.0
0.0
0.0
0.0
0.0
-0.009748051066749804
0.0
0.0
0.0
0.0
0.0
0.0
0.0
0.0
0.0
0.0
0.0
0.0
0.0
0.0
0.0
0.0
0.0
0.0
0.0
0.0
-0.00398023357152619
NaN
-9.170291284182176E-4
NaN
NaN
NaN
-0.011836430650658314
-0.014054610898688409
-0.02301890617422923
-0.062976068190763
NaN
-0.029015632315334168
-0.3321519764646194
-0.007278459641657301
NaN
-0.028988029537018935
-0.012951409130222014
-0.008437448143495783
0.0
-0.015083834239491537
-0.01766121929560709
-0.018555374252656655
0.0
-0.01904734198713813
0.0
NaN
NaN
-0.013122478034860427
-0.030788801582252903
NaN
-1.1700750338547709E-4
NaN
0.0
-0.03923673303284314
NaN
-0.017287787505637697
-0.32934826792556815
NaN
NaN
0.0
0.0
0.0
-2.5054808553600196E-4
NaN
NaN
0.0
-0.07973819981821739
NaN
0.0
NaN
NaN
NaN
NaN
NaN
-0.019407773596250052
0.0
NaN
0.0
-0.01683462773380122
NaN
NaN
NaN
-0.012694475797934644
-0.05797063584823449
NaN
NaN
-0.04944356981231466
NaN
-0.010902293718100066
-0.06004473228281074
-7.315048520885501E-4
-0.021740466034251896
NaN
-0.031049126327877402
-7.026026102551514E-4
0.0
NaN
0.0
0.0
NaN
0.0
0.0
0.0
0.0
-0.005180647716230051
NaN
-0.01185145393425912
0.0
0.0
NaN
-0.0018251627008341823
NaN
NaN
-0.0035002944997884027
0.0
-0.04251909175142117
NaN
0.0
-0.019442257784506794
NaN
0.0
0.0
0.0
0.0
0.0
-0.007859480584299213
NaN
NaN
NaN
NaN
NaN
-0.20053403683748275
NaN
-0.015525805669379346
-0.015183784580968376
-0.034161509186809935
-0.018826131453056394
0.0
-0.017883696800863297
-0.007332004267499354
0.0
0.0
-0.006610874067755859
-0.010917614938998794
-0.020944753852040934
0.0
-0.009572483864445869
0.0
NaN
-0.018098438488237566
-0.04191000567829812
NaN
-0.008879802291536861
-0.004832875390998026
-0.02069404571008411
-0.0037088584741156853
NaN
-0.03857679862015109
0.0
-0.013916311580142346
-0.02077707321220008
0.0
-0.3774044562847635
NaN
-0.00707218765851517
-0.048815097078142536
-9.668072696588025E-4
NaN
-0.014905365539634757
-0.01676171720938721
NaN
-0.026940956988711014
-0.010239974883935389
-0.04099331327192105
0.0
-0.009055438179664966
0.0
-0.00900167208881071
-0.007663743477000199
NaN
-0.013919914750814387
-0.023085382031869116
-0.0032487824628583345
0.0
0.0
0.0
-0.0013349031649665304
0.0
-0.0036625570598304256
0.0
NaN
-0.006085888049312225
-0.011388944971323138
-0.278948441281956
-0.012112205382191038
0.0
0.0
-0.007785959499264166
-0.009026344903059747
-0.016790160074374613
-0.041928499402568466
-0.02234943554487915
0.0
-0.0037343021024321514
-0.1281750603275169
0.0
0.0
-0.010214575281690437
0.0
-0.018257730230598852
-0.01045290530785667
-0.015003171382339553
NaN
NaN
-0.009782469034309647
-0.007596880047334925
-0.005493199461175698
-0.008258998282721936
-0.018532779353719716
NaN
-0.015291739702814814
-0.008090728927547539
-0.01612613883440304
-0.01988948626146468
0.0
0.0
-0.009288324250674083
0.0
-0.021645411811519924
0.0
-0.016370019158223833
NaN
0.0
-0.0028963236936375026
NaN
-0.0020660129277833713
-0.0111353942793845
-0.00914520834313879
NaN
-0.00756584577233599
-0.007868911213499807
-0.007109425099950099
-0.019956130499649425
0.0
-0.09877076233830613
0.0
-0.01283057359224242
-0.027174331669315644
-0.0019046701051262595
0.0
-0.008900887153887432
-0.011040139591041217
NaN
NaN
NaN
-0.008892389829666744
NaN
-0.010153066965906758
-0.004870570926608468
-0.002365583045447657
NaN
0.0
0.0
0.0
0.0
0.0
0.0
-0.012440322530910226
-0.004294294049911844
0.0
-0.00581854622050099
0.0
-0.003053433091558219
0.0
NaN
-0.04306948413192817
-0.003690009672671444
-0.003416676496069536
-3.8533134368998987E-4
0.0
-0.019193727716320042
-0.02940364745947189
-0.0020632755099192824
-0.009976526875269832
0.0
NaN
0.0
-19.47278763895381
0.0
-0.016108539855283866
-0.0049412614807060815
0.0
0.0
-0.006693676023380012
0.0
NaN
-0.017259368899906074
0.0
NaN
NaN
0.0
0.0
-0.004990154682303125
NaN
0.0
-0.09695235416659571
NaN
-0.009624895365578265
0.0
0.0
-0.011940868359998746
0.0
-0.006997364938998423
0.0
-0.19522346069554197
0.0
0.0
NaN
0.0
0.0
0.0
0.0
-0.0724185610687337
-0.04571464532319176
0.0
-0.002177942992475834
-0.06339025179835675
0.0
0.0
-0.006056209228291695
-0.009035133123488531
0.0
-0.012239125152309882
0.0
0.0
-0.014556054679929301
NaN
-0.0160601029214293
NaN
-0.023061996025336748
-0.011288847157062618
-0.013081718873068363
0.0
0.0
0.0
-3.233728504018703
-0.009400617976359112
0.0
-0.005112455638337797
0.0
0.0
0.0
-0.005158040732166606
0.0
0.0
-0.031333289972000376
-0.008081614270536113
0.0
0.0
0.0
-0.015916169079074546
0.0
-0.006592638849921333
0.0
0.0
0.0
0.0
0.0
NaN
0.0
0.0
0.0
-9.873917823941614E-4
0.0
-3.5935210581210274E-4
0.0
0.0
-0.017935014294038765
0.0
NaN
-0.008252323780525133
NaN
NaN
0.0
-0.009763719848148668
0.0
-0.003928615064095149
0.0
0.0
0.0
0.0
0.0
0.0
0.0
0.0
-0.009994194800510682
-0.007423518509925734
0.0
-0.01137796568595153
0.0
-0.06868421560880278
0.0
0.0
NaN
-0.00987404679755137
0.0
-0.034094189226186185
0.0
0.0
0.0
0.0
-0.23369420739408373
0.0
NaN
0.0
-0.01443693932819968
0.0
0.0
0.0
-0.012544049103631506
0.0
-0.01430437480030114
0.0
0.0
0.0
0.0
-0.01237550178266643
NaN
0.0
NaN
-0.010865793255971534
0.0
0.0
0.0
0.0
0.0
0.0
0.0
0.0
0.0
-0.01672447082554383
0.0
-0.017006279255735956
0.0
0.0
0.0
0.0
-0.009378618881063873
0.0
-0.05937383234854124
NaN
0.0
0.0
0.0
0.0
0.0
0.0
0.0
0.0
0.0
0.0
NaN
-0.013818938950857307
-0.00506826653706439
-0.026995345416276746
-0.026574601454584665
-0.007042168622487759
-0.022024703611546875
-0.006282353114966254
-0.02049199696384069
-0.06259645817277168
-0.03837182645851091
-0.013667918884229434
-0.005924040193022829
-0.008594074524834211
-0.01350551236359929
-0.016875574436919505
-0.007219516189140733
-0.011171142934745108
-1.1855623116577545
-0.001777043098812808
-0.004673788994597613
-0.0027231533674531155
0.0
0.0
0.0
0.0
0.0
0.0
0.0
0.0
0.0
0.0
0.0
0.0
0.0
0.0
0.0
0.0
0.0
0.0
0.0
0.0
0.0
0.0
0.0
0.0
0.0
0.0
0.0
0.0
0.0
0.0
0.0
0.0
0.0
0.0
0.0
0.0
0.0
0.0
0.0
0.0
0.0
0.0
0.0
0.0
0.0
0.0
0.0
0.0
0.0
0.0
0.0
0.0
0.0
0.0
0.0
0.0
0.0
0.0
0.0
0.0
0.0
0.0
0.0
0.0
0.0
0.0
0.0
0.0
0.0
0.0
0.0
0.0
0.0
0.0
0.0
0.0
0.0
0.0
0.0
0.0
0.0
0.0
0.0
0.0
0.0
0.0
0.0
0.0
0.0
0.0
0.0
0.0
0.0
0.0
0.0
0.0
0.0
0.0
0.0
0.0
0.0
0.0
0.0
0.0
0.0
0.0
0.0
0.0
0.0
0.0
0.0
0.0
0.0
0.0
0.0
0.0
0.0
0.0
0.0
0.0
0.0
0.0
0.0
0.0
0.0
0.0
0.0
0.0
0.0
0.0
0.0
0.0
0.0
0.0
0.0
0.0
0.0
0.0
0.0
0.0
0.0
0.0
0.0
0.0
0.0
0.0
0.0
0.0
0.0
0.0
0.0
0.0
0.0
0.0
0.0
0.0
0.0
0.0
0.0
0.0
0.0
0.0
0.0
0.0
0.0
0.0
0.0
0.0
0.0
0.0
0.0
0.0
0.0
0.0
0.0
0.0
0.0
0.0
0.0
0.0
0.0
0.0
0.0
0.0
0.0
0.0
0.0
0.0
0.0
0.0
0.0
0.0
0.0
0.0
0.0
0.0
0.0
0.0
0.0
0.0
0.0
0.0
0.0
0.0
0.0
0.0
0.0
0.0
0.0
0.0
0.0
0.0
0.0
0.0
0.0
0.0
0.0
0.0
0.0
0.0
0.0
0.0
0.0
0.0
0.0
0.0
0.0
0.0
0.0
0.0
0.0
0.0
0.0
0.0
0.0
0.0
0.0
0.0
0.0
0.0
0.0
0.0
0.0
0.0
0.0
0.0
0.0
0.0
0.0
0.0
0.0
0.0
0.0
0.0
0.0
0.0
0.0
0.0
0.0
0.0
0.0
0.0
0.0
0.0
0.0
0.0
0.0
0.0
0.0
0.0
0.0
0.0
0.0
0.0
0.0
0.0
0.0
0.0
0.0
0.0
0.0
0.0
0.0
0.0
0.0
0.0
0.0
0.0
0.0
0.0
0.0
0.0
0.0
0.0
0.0
0.0
0.0
0.0
0.0
0.0
0.0
0.0
0.0
0.0
0.0
0.0
0.0
0.0
0.0
0.0
0.0
0.0
0.0
0.0
0.0
0.0
0.0
0.0
0.0
0.0
0.0
0.0
0.0
0.0
0.0
0.0
0.0
0.0
0.0
0.0
0.0
0.0
0.0
0.0
0.0
0.0
0.0
0.0
0.0
0.0
0.0
0.0
0.0
0.0
0.0
0.0
0.0
0.0
0.0
0.0
0.0
0.0
0.0
0.0
0.0
0.0
0.0
0.0
0.0
0.0
0.0
0.0
0.0
0.0
0.0
0.0
0.0
0.0
0.0
0.0
0.0
0.0
0.0
0.0
0.0
0.0
0.0
0.0
0.0
0.0
0.0
0.0
0.0
0.0
0.0
0.0
0.0
0.0
0.0
0.0
0.0
0.0
0.0
0.0
0.0
0.0
0.0
0.0
0.0
0.0
0.0
0.0
0.0
0.0
0.0
0.0
0.0
0.0
0.0
0.0
0.0
0.0
0.0
0.0
0.0
0.0
0.0
0.0
0.0
0.0
0.0
0.0
0.0
0.0
0.0
0.0
0.0
0.0
0.0
0.0
0.0
0.0
0.0
0.0
0.0
0.0
0.0
0.0
0.0
0.0
0.0
0.0
0.0
0.0
0.0
0.0
0.0
0.0
0.0
0.0
0.0
0.0
0.0
0.0
0.0
0.0
0.0
0.0
0.0
0.0
0.0
0.0